[banner.jpg]
moddate=693a17c56299d001
width=999
height=104
text=3;139;18;Lackierkabine24.de;Arial;0.805179,0.836483,0.124705,6.283185;v1,4294967295,4278190080,128.000000,1.000000,0.000000,0.886719,400,0,49152;;139;18;Lackierkabine24.de;Arial;0.454927,0.852339,0.117059,6.283185;v1,4294967295,4278190080,128.000000,1.000000,0.000000,0.886719,400,0,49152;;139;18;Lackierkabine24.de;Arial;0.260835,0.097074,0.078130,6.283185;v1,4294967295,4278190080,128.000000,1.000000,0.000000,0.886719,400,0,49152;;
textactive=1
